0 5132
32 5193
64 5193
96 5193
128 5290
160 5290
192 5290
224 6339
256 5838
288 5838
320 5922
352 6007
384 6093
416 6180
448 6180
480 6180
512 6180
544 6673
576 6673
608 6673
640 6673
672 6789
704 6906
736 6979
768 7052
800 7052
832 7059
864 7059
896 7059
928 7159
960 7159
992 7159
1024 7274
1056 7274
1088 7274
1120 7379
1152 7379
1184 7370
1216 7370
1248 7370
1280 7370
1312 7370
1344 7783
1376 8196
1408 8196
1440 8196
1472 8196
1504 8196
1536 8864
1568 8864
1600 8864
1632 8864
1664 8864
1696 9470
1728 9470
1760 9470
1792 9875
1824 9875
1856 9875
1888 9875
1920 9875
1952 10475
1984 10475
2016 10634
2048 10634
2080 10634
2112 10865
2144 11096
2176 11096
2208 11268
2240 11268
2272 11268
2304 11268
2336 11595
2368 11472
2400 11472
2432 11472
2464 11763
2496 11763
2528 11763
2560 11763
2592 11926
2624 11926
2656 11933
2688 11933
2720 11933
2752 11933
2784 11933
2816 12053
2848 12173
2880 12294
2912 12294
2944 12294
2976 12287
3008 12281
3040 12275
3072 12275
3104 12275
3136 12312
3168 12350
3200 12350
3232 12350
3264 12350
3296 12350
3328 12309
3360 12309
3392 12353
3424 12353
3456 12343
3488 12334
3520 12334
3552 12334
3584 12334
3616 12334
3648 12358
3680 12358
3712 12358
3744 12358
3776 12358
3808 12358
3840 12358
3872 12432
3904 12506
3936 12557
3968 12609
4000 12609
4032 12793
4064 12857
4096 12857
4128 12999
4160 12999
4192 13079
4224 13079
4256 13079
4288 13219
4320 13219
4352 13219
4384 13206
4416 13193
4448 13193
4480 13193
4512 13193
4544 13193
4576 13193
4608 13219
4640 13219
4672 13219
4704 13219
4736 13219
4768 13219
4800 13220
4832 13222
4864 13225
4896 13229
4928 13234
4960 13239
4992 13245
