0 6096
32 5418
64 5418
96 5374
128 5374
160 5642
192 5789
224 5936
256 6000
288 6000
320 6000
352 6210
384 6210
416 6402
448 6402
480 6376
512 6396
544 6198
576 6198
608 6378
640 6378
672 6492
704 6480
736 6480
768 6428
800 6428
832 6410
864 6410
896 6447
928 6484
960 6484
992 6484
1024 6740
1056 6740
1088 6740
1120 6722
1152 6665
1184 6608
1216 6608
1248 6620
1280 6632
1312 6632
1344 6632
1376 6718
1408 6804
1440 6594
1472 6594
1504 6690
1536 6690
1568 6690
1600 6504
1632 6510
1664 6510
1696 6891
1728 7272
1760 7272
1792 7356
1824 7356
1856 7356
1888 7356
1920 7339
1952 7322
1984 7322
2016 7322
2048 7286
2080 7286
2112 7260
2144 7380
2176 7380
2208 7234
2240 7234
2272 7189
2304 7144
2336 7144
2368 7141
2400 7138
2432 7136
2464 7134
2496 7132
2528 7130
2560 7128
2592 7126
2624 7004
2656 7004
2688 6978
2720 6978
2752 6748
2784 6652
2816 6556
2848 6556
2880 6484
2912 6484
2944 6428
2976 6378
3008 6310
3040 6242
3072 6242
3104 6030
3136 6389
3168 6748
3200 6748
3232 6780
3264 6706
3296 6632
3328 6416
3360 6224
3392 6224
3424 6096
3456 6096
3488 5930
3520 5930
3552 5930
3584 5930
3616 5980
3648 5980
3680 5980
3712 5967
3744 5954
3776 5954
3808 5954
3840 5954
3872 5948
3904 5948
3936 5948
3968 5884
4000 5884
4032 5884
4064 5832
4096 5750
4128 5750
4160 5610
4192 5610
4224 5610
4256 5610
4288 5610
4320 5596
4352 5596
4384 5596
4416 5596
4448 5544
4480 5648
4512 5708
4544 5768
4576 5768
4608 5765
4640 5762
4672 5762
4704 5762
4736 5762
4768 5727
4800 5692
4832 5784
4864 5876
4896 5592
4928 5308
4960 5024
4992 4740
