0 5229
32 5064
64 5064
96 5064
128 5548
160 5548
192 5650
224 5752
256 5752
288 5855
320 5855
352 6053
384 7376
416 7376
448 7501
480 7501
512 7501
544 7501
576 8023
608 8023
640 8023
672 8140
704 8258
736 8258
768 8223
800 8223
832 8223
864 8223
896 8223
928 8603
960 8603
992 8652
1024 8652
1056 8652
1088 8652
1120 8863
1152 8863
1184 8944
1216 8944
1248 8959
1280 1081
1312 9652
1344 9460
1376 9425
1408 9425
1440 9425
1472 9425
1504 9425
1536 9521
1568 9506
1600 9491
1632 9477
1664 9477
1696 9464
1728 9464
1760 9553
1792 9553
1824 9846
1856 9846
1888 10048
1920 10251
1952 10251
1984 10251
2016 10422
2048 10594
2080 10594
2112 10777
2144 10960
2176 11059
2208 11158
2240 11158
2272 11158
2304 11281
2336 11281
2368 11434
2400 11587
2432 11587
2464 11587
2496 11587
2528 11785
2560 11785
2592 11785
2624 11785
2656 11992
2688 11992
2720 11992
2752 12076
2784 12160
2816 12160
2848 12204
2880 12204
2912 12204
2944 12204
2976 12166
3008 12205
3040 12205
3072 12205
3104 12210
3136 12210
3168 12210
3200 12312
3232 12312
3264 12275
3296 12275
3328 12275
3360 12265
3392 12256
3424 12256
3456 12225
3488 12225
3520 12225
3552 12225
3584 12284
3616 12284
3648 12284
3680 12284
3712 12284
3744 12336
3776 12388
3808 12388
3840 12388
3872 12428
3904 12500
3936 12500
3968 12551
4000 12551
4032 12748
4064 12748
4096 12748
4128 12748
4160 12953
4192 12953
4224 12953
4256 12953
4288 12953
4320 13148
4352 13148
4384 13148
4416 13148
4448 13148
4480 13174
4512 13174
4544 13148
4576 13148
4608 13148
4640 13148
4672 13148
4704 13161
4736 13174
4768 13174
4800 13148
4832 13148
4864 13148
4896 13148
4928 13148
4960 13174
4992 13174
