0 5190
32 5180
64 5171
96 5162
128 5162
160 5326
192 5326
224 5501
256 5676
288 5775
320 5768
352 5768
384 5930
416 6092
448 6192
480 6292
512 6292
544 6296
576 6296
608 6179
640 6179
672 6421
704 6421
736 6421
768 6421
800 6421
832 6770
864 6770
896 6770
928 6926
960 6797
992 6957
1024 6989
1056 6940
1088 6891
1120 6758
1152 6758
1184 6832
1216 6832
1248 6916
1280 7000
1312 7161
1344 7323
1376 7826
1408 7890
1440 7299
1472 7436
1504 7705
1536 7705
1568 7816
1600 7816
1632 7816
1664 7806
1696 7806
1728 7806
1760 8640
1792 8640
1824 8816
1856 8816
1888 8816
1920 9083
1952 9083
1984 9053
2016 9023
2048 9023
2080 9023
2112 9023
2144 9360
2176 9386
2208 9386
2240 9360
2272 9335
2304 9271
2336 9271
2368 9468
2400 9491
2432 9440
2464 9524
2496 9608
2528 9587
2560 9587
2592 9550
2624 9514
2656 9514
2688 9514
2720 9600
2752 9600
2784 9600
2816 9472
2848 9372
2880 9345
2912 9345
2944 9192
2976 9192
3008 9244
3040 9174
3072 9105
3104 9086
3136 9265
3168 9265
3200 9473
3232 9682
3264 9682
3296 9662
3328 9642
3360 9470
3392 9320
3424 9320
3456 9120
3488 9104
3520 9076
3552 9013
3584 9077
3616 9128
3648 9180
3680 9154
3712 9128
3744 9192
3776 9257
3808 9257
3840 9257
3872 9648
3904 9648
3936 9543
3968 9542
4000 9542
4032 9533
4064 9524
4096 9524
4128 9586
4160 9649
4192 9683
4224 9683
4256 9683
4288 9683
4320 9683
4352 9942
4384 9942
4416 9994
4448 9994
4480 10308
4512 10308
4544 10406
4576 10406
4608 10406
4640 10931
4672 10931
4704 10994
4736 11057
4768 11057
4800 11057
4832 11057
4864 11148
4896 11239
4928 11239
4960 11767
4992 11914
