0 5328
32 5136
64 5136
96 5124
128 5124
160 5326
192 5326
256 5698
320 5698
352 6044
384 6044
416 5990
448 6006
480 6196
512 6172
544 6178
608 5986
672 5986
704 6306
768 6306
800 6574
832 6574
864 6538
896 6516
928 6516
960 6410
992 6410
1056 6338
1088 6338
1152 6332
1184 6332
1216 6454
1248 6440
1280 6440
1344 6570
1376 6460
1536 6460
1600 6606
1664 6672
1696 6600
1728 6410
1760 6410
1792 6370
1824 6186
1856 5206
1888 5038
1920 5038
1952 5090
1984 4922
2016 4892
2048 4752
2112 4686
2176 4508
2208 4508
2240 4394
2272 4310
2304 4310
2336 4198
2368 4130
2400 4130
2432 4182
2464 4182
2496 7406
2560 7752
2592 7868
2624 7868
2688 8034
2720 8034
2752 8444
2784 8444
2848 8750
2880 8750
2944 9006
2976 9006
3040 9128
3072 9128
3104 9302
3168 9564
3232 9794
3264 9936
3296 9936
3328 10152
3360 10338
3392 10448
3424 10726
3456 10896
3488 10896
3520 11042
3584 11042
3616 11124
3648 11124
3680 11338
3712 11502
3744 11752
3776 11874
3808 8796
3840 7338
3872 7338
3936 7566
3968 7566
4000 7592
4064 7694
4096 7824
4128 7900
4160 7900
4192 7650
4224 7420
4256 7030
4288 7030
4352 6954
4384 6710
4480 6710
4512 5794
4544 4266
4576 4266
4608 3894
4640 3894
4672 3696
4736 3696
4768 3732
4800 3732
4832 3784
4864 3784
4992 4002
